2 0 218983230080 10485760
2 1 223009761920 10485760
2 2 2837461504 10485760
3 0 227036293760 10485760
3 1 231062825600 10485760
3 2 7042953600 10485760
4 0 235089357440 10485760
4 1 239115889280 10485760
4 2 11248445696 10485760
5 0 243142421120 10485760
5 1 247168952960 10485760
5 2 15453937792 10485760
6 0 251195484800 10485760
6 1 255222016640 10485760
6 2 19659429888 10485760
7 0 259248548480 10485760
7 1 263275080320 10485760
7 2 23864921984 10485760
8 0 267301612160 10485760
8 1 271328144000 10485760
8 2 28070414080 10485760
9 0 275354675840 10485760
9 1 279381207680 10485760
9 2 32275906176 10485760
10 0 283407739520 10485760
10 1 287434271360 10485760
10 2 36481398272 10485760
11 0 291460803200 10485760
11 1 295487335040 10485760
11 2 40686890368 10485760
12 0 299513866880 10485760
12 1 303540398720 10485760
12 2 44892382464 10485760
13 0 307566930560 10485760
13 1 311593462400 10485760
13 2 49097874560 10485760
14 0 315619994240 10485760
14 1 319646526080 10485760
14 2 53303366656 10485760
15 0 323673057920 10485760
15 1 327699589760 10485760
15 2 57508858752 10485760
16 0 331726121600 10485760
16 1 335752653440 10485760
16 2 61714350848 10485760
17 0 339779185280 10485760
17 1 343805717120 10485760
17 2 65919842944 10485760
18 0 347832248960 10485760
18 1 351858780800 10485760
18 2 70125335040 10485760
19 0 355885312640 10485760
19 1 359911844480 10485760
19 2 74330827136 10485760
20 0 363938376320 10485760
20 1 367964908160 10485760
20 2 78536319232 10485760
21 0 371991440000 10485760
21 1 376017971840 10485760
21 2 82741811328 10485760
22 0 380044503680 10485760
22 1 384071035520 10485760
22 2 86947303424 10485760
23 0 388097567360 10485760
23 1 392124099200 10485760
23 2 91152795520 10485760
24 0 396150631040 10485760
24 1 400177162880 10485760
24 2 95358287616 10485760
25 0 404203694720 10485760
25 1 408230226560 10485760
25 2 99563779712 10485760
26 0 412256758400 10485760
26 1 416283290240 10485760
26 2 103769271808 10485760
27 0 420309822080 10485760
27 1 424336353920 10485760
27 2 107974763904 10485760
28 0 428362885760 10485760
28 1 432389417600 10485760
28 2 112180256000 10485760
29 0 436415949440 10485760
29 1 440442481280 10485760
29 2 116385748096 10485760
30 0 444469013120 10485760
30 1 448495544960 10485760
30 2 120591240192 10485760
31 0 452522076800 10485760
31 1 456548608640 10485760
31 2 124796732288 10485760
32 0 460575140480 10485760
32 1 464601672320 10485760
32 2 129002224384 10485760
33 0 468628204160 10485760
33 1 472654736000 10485760
33 2 133207716480 10485760
34 0 476681267840 10485760
34 1 480707799680 10485760
34 2 137413208576 10485760
35 0 484734331520 10485760
35 1 488760863360 10485760
35 2 141618700672 10485760
36 0 492787395200 10485760
36 1 496813927040 10485760
36 2 145824192768 10485760
37 0 500840458880 10485760
37 1 504866990720 10485760
37 2 150029684864 10485760
38 0 508893522560 10485760
38 1 512920054400 10485760
38 2 154235176960 10485760
39 0 516946586240 10485760
39 1 520973118080 10485760
39 2 158440669056 10485760
40 0 524999649920 10485760
40 1 529026181760 10485760
40 2 162646161152 10485760
41 0 533052713600 10485760
41 1 537079245440 10485760
41 2 166851653248 10485760
42 0 541105777280 10485760
42 1 545132309120 10485760
42 2 171057145344 10485760
43 0 549158840960 10485760
43 1 553185372800 10485760
43 2 175262637440 10485760
44 0 557211904640 10485760
44 1 561238436480 10485760
44 2 179468129536 10485760
45 0 565264968320 10485760
45 1 569291500160 10485760
45 2 183673621632 10485760
46 0 573318032000 10485760
46 1 577344563840 10485760
46 2 187879113728 10485760
47 0 581371095680 10485760
47 1 585397627520 10485760
47 2 192084605824 10485760
48 0 589424159360 10485760
48 1 593450691200 10485760
48 2 196290097920 10485760
49 0 597477223040 10485760
49 1 601503754880 10485760
49 2 200495590016 10485760
50 0 605530286720 10485760
50 1 609556818560 10485760
50 2 204701082112 10485760
51 0 613583350400 10485760
51 1 617609882240 10485760
51 2 208906574208 10485760
52 0 621636414080 10485760
52 1 625662945920 10485760
52 2 213112066304 10485760
